(0, 0),['190', 301]
(-40, 0),[191, 300]
(-40, 40),[192, 299]
(-60, 40),[193, 298]
(-60, 60),[194, 297]
(-80, 60),[195, 296]
(-80, 40),[196, 295]
(-120, 40),[197, 294]
(-160, 40),[198, 293]
(-160, 60),[199, 292]
(-180, 60),[200, 291]
(-180, 30),[201, 290]
(-140, 30),[202, 289]
(-140, 10),[203, 288]
(-120, 10),[204, 287]
(-120, 30),[205, 286]
(-60, 30),[206, 285]
(-60, 0),[207, 284]
(-80, 0),[208, 283]
(-80, 20),[209, 282]
(-100, 20),[210, 281]
(-100, 0),[211, 280]
(-160, 0),[212, 279]
(-160, 20),[213, 278]
(-180, 20),[214, 277]
(-180, 0),[215, 276]
(-200, 0),[216, 275]
(-200, 70),[217, 274]
(-180, 70),[218, 273]
(-180, 110),[219, 272]
(-150, 110),[220, 271]
(-150, 140),[221, 270]
(-140, 140),[222, 269]
(-120, 140),[223, 268]
(-120, 170),[224, 267]
(-100, 170),[225, 266]
(-100, 140),[226, 265]
(-90, 140),[227, 264]
(-40, 140),[228, 263]
(-40, 130),[229, 262]
(-20, 130),[230, 261]
(-20, 160),[231, 260]
(0, 160),[232, 259]
(0, 170),[233, 258]
(20, 170),[234, 257]
(20, 150),[235, 256]
(20, 140),[236, 255]
(20, 120),[237, 254]
(0, 120),[238, 253]
(-40, 120),[239, 252]
(-40, 80),[240, 251]
(0, 80),[241, 250]
(0, 110),[242, 249]
(-20, 110),[243, 248]
(-20, 100),[244, 245]
